2252576253462244111563365343671351441 -1 15 3470 0
7422341735647741166133573473242566 1 580 1592 0
23163416124767223154467471272416755633 0 5 13 0
71255763773133525731261364622167124446454 0 2 1 0
65214673556155731566316327373221417 -1 71 768 0
52677675164321472411331752454 0 181566 101625 130
3135151421347443544172316522225776773566 0 2 3 0
562154564361751726662253737734213275114 0 4 5 0
233377345754465174223731671122611552 1 30 730 0
6763525635134453444361412671365712 -1 741 1510 3
211376455663355325112113664364524722 0 29 687 0
3146762114467714356347741621375222 -1 539 1522 1
67152117737262713366376314254 6 97994 122848 166
2762751722231276466633475674533 5 877 3021 4
3642756176227637211322113551637574556 2 7 669 0
22647455554314246733661634615122372377511 0 2 1 0
427566236745127177115664464254 2 5531 10203 19
7172212567451542223676134464437761515 0 57 711 0
641154574541323641152467137655232232366 0 3 3 0
5775265212657176476365522624313714333 2 19 667 0
3575316255751336464276636772271112 -3 1062 1767 1
75662564375666511575212332122171447733 1 3 13 0
3576127617575661522124647446257235344113 0 2 2 0
655651721435342216255374674123 4 65376 33341 71
335413424327172446337172625415575517 1 37 713 0
12156756715535615116237724723 -2 5968 12259 14
4744236462134233111155374771566655522 -1 134 790 0
144324431445513573673777361765615215226 0 4 5 0
466337133772221726726511133452571 0 451 1508 1
5577777735365512235162362241426611 -3 433 1340 3
6274476136716665132411555412333345 0 810 1570 4
2166166176633734115273317322475724 -2 72 860 0
3432357517256661231652672362571175 3 22 866 0
26512741647245111351472255277 -5 3137 4640 13
3414355576455177144321543311672273 -2 110 791 0
112471523663662675764743257544335112741 0 9 9 0
24555313265147651622632244317534477 3 205 986 0
5512371662253342337574526766763245 3 40 774 0
27573772361321663724362213661574 2 76 880 0
3336513263356226156221176142517577574 2 9 657 0
6216633712715125334265163163777225 -3 96 883 0
735425274762537661575175136212214614443 1 4 6 0
67652627754667711122263741251355513444433 0 2 1 0
3324524346452572767551333257727114 0 216 915 0
47344144255311355215566613617433267622277 0 2 1 0
5711457417462173563673656226153335724441 0 2 6 0
7174362564676726631735257252323 -4 1055 3082 5
6213724444421524673215767767233 0 6419 10558 18
74335434411656772367437345716111256622255 0 2 2 0
12513736213523127714633572657256 -4 1376 3675 2
33345517452154243637525163177771661442 0 8 16 0
4242255734462136735555743337711172114266 0 2 1 0
47715713331437527153255735112 0 3135 7229 29
75345112462162112542645517445723663673 0 8 16 0
345272112577424477722116144566361353335 0 5 5 0
7235431667532555335366227767122741 3 104 801 0
3515655547334632573462442436722717672611 0 2 2 0
5114752266375176254672271463763 5 5390 9840 15
26226627217273417775416514661414455 -2 11 841 0
75671334317317336771215665546 -4 19298 38945 79
171231226144413625631766635232354 0 411 1525 2
316775734112511514276652774525666433324 0 5 8 0
671337313517162274736137166625 2 604 2369 5
724426633665427464467135277713322 -3 152 890 0
26152653322136634677576524721 0 50506 32982 40
7134177657121331734122334222646475455656 0 2 3 0
55544463222315723417163427535141712366 0 7 16 0
2365735775473244231263235156756276411 1 32 706 0
5351252463263713771262625511175 -2 1472 3191 6
1246652731765175642453216447355212761743 0 2 2 0
65163631747317535254246533477742546126 1 4 15 0
632131362752266425527575661477514173133 0 3 3 0
3575213524612243543117121734354245 2 84 790 0
54315521633364265177472556321131667422 -1 6 16 0
4135614326115446311565436527365347227777 0 2 2 0
6121455117152514634356336576722 0 3998 6217 12
162763511717327445577335341162225 -1 2655 2985 5
22264616135732655536513176725 -4 7431 8568 24
3257422513267365666657715143273215 3 192 1189 0
7375363223321275365761176227554 -2 430 1284 0
7574351513437646536627543374245122671 1 72 717 0
473457735543145756116234731734 -2 3656 5399 17
31161436231375514162762677336 1 3358 9322 29
7674571355564732621771632445541312664 2 53 722 0
5664257525274755427162647641617411233331 0 2 2 0
15553572725743113217732374225141443646 0 4 6 0
531633412573473732555776574121142 4 721 2177 0
61112547667441142275132277424365673655533 0 2 1 0
463664536261521546311273242457332 1 750 1873 2
326615663752621323655335514271 4 372 1310 1
71165555742443273243763213427724 0 2328 4285 6
161452652223115233627734653135566717 0 21 688 0
74425337641465475671176741236615215533 0 7 13 0
32162751756771355671355274632416432163244 0 2 1 0
524216226637772126164361744551551 4 190 1134 0
1576663267233361422642121117554 5 1169 3317 3
6343274434344672215273311526556215 1 390 1418 0
1313327526554131647611374372646 -1 9270 9746 12
36454347246745616376336347211212717 -2 57 771 0
23135456174511325333222576644421467616 0 5 13 0
37342133236232526427711116166777 -4 138 904 0
736432547357137433465775442162551 -3 154 904 0
65323776614155213553376652122427 -2 1130 3316 2
245742673445231642226677515746163 -1 1343 2216 4
341236533542227571766567145126312 -2 2340 2727 9
661556433457252231661613114325732 3 435 1504 5
11617255152412223243461443755 3 7587 24389 30
4723225734625174272467763531446513535 0 35 687 0
41475323467164226325421231114336556 0 95 817 0
77336231335737515556216511771624626 -2 15 709 0
32113735114523512272777153652673 3 51 899 0
652331172222457134742634464673135775 0 122 787 0
41157313573623152655422176126627 0 6193 5828 13
52751626222765267437674374433416331155511 0 2 2 0
45512272164216512124665566753 0 2453 5581 8
34441157374153736716346556774311552222 0 7 22 0
557671311761447661663222331375 4 1741 5143 2
73711455213245356452463362145367227167174 0 2 2 0
57571521273372553771133411265426 -4 212 1234 0
63411624267622313431756753411657735527244 0 2 2 0
743147475311235374153667575364254661 0 52 698 0
13221637674233315611217775236 -2 9537 21755 6
35371324637717563211665236277265 -2 1349 2867 5
73337267741442232214473741513516265 0 52 771 0
4652554254441727611466627637231573115733 0 2 3 0
422273444275564571264157762567533 -1 484 1350 0
62333544634137272131752556461465177257642 0 2 1 0
12514726155174536522772517671 -3 2065 5111 10
5342133617653345412111327674525657676 2 18 698 0
57436215546655561632673221774224 0 5741 6563 9
13377634162752622457544414336266211 1 215 968 0
332166312711276477164432435466555521 0 471 1108 0
3676667731372526727121651543335 -2 1409 4100 14
62456625325371143255267244541167413 0 444 1110 0
6346516555553413114311436442377227277272 0 2 2 0
434441636425271214325331377527661167527 0 4 5 0
6627513412261243434662623435755 3 5789 8907 12
1713214542552442615742451312753 -3 1724 3678 8
27542661356115144656126123355342 4 466 1955 3
4632263444124617222171516514573366753 0 44 705 0
3513265333547163177727167665521 -2 1372 1968 3
6412363551515544423325634641136 0 2497 4645 11
524653332256623414472524557673341711 -1 146 809 0
545712124632266433465225571147 1 32505 32152 72
512544576346755736772227654216233331416 0 4 5 0
33633737511156576175761164444765342542 0 4 5 0
56166146423261152341216473547 4 5844 16643 42
72266725371541716377235513522511644664334 0 2 2 0
564414111461617227324564266377573733 -1 69 750 0
47326565227476132357733221316615461751544 0 2 2 0
32543544447733417277713515216156321522666 0 2 1 0
475441167453247721652552425273 -5 1103 3296 8
42577414436732671615644631565377215513 0 5 13 0
4242276617151162517666552153523447377443 0 2 2 0
456276274266462724276371741543 -1 547 2185 0
712571271166563567166743254272 5 6352 21480 35
246254655267722574364533641533611241173 0 5 6 0
1267354235412736561671536772762554 0 1188 1818 6
55652251124717734274112753673513266334 -1 5 16 0
2154161454476562367253251151743324 0 981 1717 4
7211533245325536242316615361517 -1 4161 6773 11
5327274145773234475225457541321 0 1356 3522 19
76261532672751646635552252333177111 -2 75 756 0
33756525572635413225374473726476 2 1447 2471 5
6146751735612247133174335661236572224475 0 2 3 0
12241427723644146641135127767763356235 0 6 12 0
66333444714334751354116675176 2 8758 12212 40
711221144125417522453372543663376546 0 174 849 0
13572574574336771444755135121 2 22874 35814 124
31711653336664363224651775122142755774 0 8 26 0
322176534514613264332453426667724117571 0 4 5 0
5722154313445541142112455333227676736 0 23 680 0
7626745476122763521226763753414115 3 220 1144 0
1222376543225523156773766436775346541144 0 2 2 0
4766635436535425165573126223473711 -2 1451 1955 6
2316261177141456635241744767245562 0 765 1495 1
336176327473676264173126455317452 -1 2181 3176 4
7275266736656224513416453475524423317713 0 2 2 0
2525453157437721753235142343772116 2 92 897 1
77717442447164154627151133323236232 2 49 728 0
212511372171451342247267463534 0 4773 8283 15
754543545447541571137367273612 1 5057 8829 22
145141142554355171365473322772264 0 1155 2697 0
121731455645661151446723475572422 -3 922 2166 2
471346772314634711662437137346261 2 42 703 0
74241572445765773245152741513133 -3 1331 2948 4
32374265746742266767547622145 2 4169 12688 14
72466516556477525246511421136744173233723 0 2 2 0
2421176752333212662665751151657445743 0 70 724 0
1727126241776745736514411546534526252633 0 2 2 0
36524571542351776551323614342223477761461 0 2 1 0
32661456543252361445432717415323661152 1 3 6 0
1626521411226325661652143543734575344773 0 2 1 0
3241145171732273522645451776672 1 6972 9853 16
21176223773245661677416571265444125 -1 131 789 0
51157274117637535335152717444443266663622 0 2 2 0
71222432614122466366744411561737733 -2 44 726 0
315673216317152634716277223755255 1 401 1191 2
2532217274214444146211356717737533536 2 13 678 0
11513154335437461536136677566452744 -2 32 715 0
7654776675256624444643117711331235 1 479 1440 2
347466342553524733255764745631661121127 0 7 8 0
36651326227232515767351624741116 -1 1425 3249 11
257273654751353267257126613452117334616 0 3 3 0
36527176732463353744161566412441125772 0 9 30 0
61771566546513437644572641471 -2 1185 3443 3
17227416631324662771525327416733165 -1 66 831 0
635612533521556742126777167547612 2 399 1613 0
35632152463737741254111755645173224324 0 8 12 0
75175462454433732336461324222161166 0 233 906 0
235343157637264213475475514425311761766 0 5 6 0
673466551526416747746423515427533237321 0 5 5 0
5744625253727174476144263366111 -1 10937 10707 43
67255217565535272362732377313616611 2 7 15 0
14717157225616276372276665455121 -2 266 1377 5
61151145221126576476226744257647 -4 192 891 0
26147775643744425655347565333 1 31145 63387 108
3734133322575154142545354647716726176266 0 2 3 0
5445715774413366377411635376556623421122 0 2 2 0
24763233527423124256453513746 -5 19442 28756 53
22726477721346244337156436325366555 2 203 861 0
553441572767715224731512235666337166 0 122 799 0
215211625424277276665415665177 0 7372 8501 41
7344333222357623754714114772411155256 1 9 658 0
32616333713725611721734277264 -5 17270 21495 65
37722176125735517261461663716522355 3 20 691 0
455152246672777617416174462326 3 6254 8392 21
453311667775446742321771364135514 -3 874 2136 8
73623227532664476316523773254556744 0 86 774 0
2234233713673272772715315511456 5 392 1576 3
571661222213427525435551361136744 0 1449 2719 6
7522745647553215577666223213136461 -3 664 1469 0
721465313316322566416737572477 4 7297 9406 11
574331641621757135471271334735522 2 675 2118 1
12323353157221355146575364767276162744 0 8 26 0
73532652141726521567746755662271333411 0 6 10 0
741564374565535457117414166626213 1 841 2034 8
7214367222466576163263111243477134 2 367 1183 0
74624165764117663575545377446135131 -2 28 727 0
46472445375121136551453523421 6 19661 25704 122
57213724365233732431167172174421566565654 0 2 2 0
553111312566546717444477713367364635522 0 3 2 0
1126533332457256766777753554664141 0 390 1282 0
77711664253165461775237646441451233 2 148 835 0
656111255627271542471671672526 4 603 1832 0
62545731311224667224761135435357 0 32087 12501 50
72171136136337326616767734214 -2 1869 5980 5
7757773257231346234144653122551152344 1 9 648 0
136262243413261155223714636146555 4 157 978 0
2317341651666134413473525715426477 0 1602 2285 4
23225744227127613717766633114613 -4 129 1190 0
6245315676125735441136636227457325214137 0 2 4 0
315572632753642126526461431432 5 29187 25479 47
31156377761323521533645257757 5 673 1964 0
76667254676674254555745112142711 0 1214 3487 1
42256112547344662335632375234664751157 0 8 16 0
446344376542772437261323626216317 -2 126 981 0
736735536662233125221645231174161747474 1 3 5 0
112457643525452232121777734413736154356 0 3 3 0
3324712115377752153334227146256 2 1491 4931 2
217367375336313761566477521556415 4 173 991 0
574613716631655465371534672443752241 0 182 832 0
62135524454472424712277155561 0 16929 20116 60
373357235337542177155572244111612264 -2 25 680 0
6624634624356761732554377255343271754 0 22 667 0
643744215561171257717355451466224 3 679 1811 4
223653332753242251655476671167541677 0 69 769 0
72435116367432615375446632372672127 0 246 949 0
773443147153361661556344777341156556 0 7 657 0
56274563661245177154734234673 0 183501 147840 145
73752151652271132154477417355443243636 0 6 13 0
242677727447652422765165411533111 0 543 1623 0
52332734325736161165177246571361 4 360 1690 0
721625337652353776633166217224 -5 910 3169 0
4213475457617611441224613556575 1 8877 11411 25
15153233665512265253266243367171 -2 488 1462 0
25567612321766542715753451236 2 52538 35061 74
2135616344362616617444333774221777125 2 15 676 0
64261557453565765234637331431614777122 0 10 26 0
21256255675641611566521727713372 2 123 926 0
63431611215716125654643233632 2 6551 16264 34
333365225526525363521266677117777411 2 5 14 0
217575357156625263236237561376 -5 1318 1712 0
3661776616547716114455577345433215 3 47 815 0
5543166113414677212361372446343552752572 0 2 4 0
16357157437461355316457465722 1 257539 108182 187
76447166434364334263563717555522715 0 92 790 0
212252612764665623614335555417417744373 0 5 9 0
1221335621427137763515717733425552 3 19 732 0
4671167123231352464737331514674476 1 221 956 0
7653574577236637612353564562423 3 481 2130 2
176775532231471135515346344757463 -3 412 1271 3
57643325577113252235761716712332 -2 718 1963 5
32114125125351447166362752355326644364777 0 2 2 0
52367125716447142464421775212367531635653 0 2 1 0
43312514245164525645617747253326616712 0 6 15 0
44265456634726327751646317142111337227355 0 2 2 0
54136437113623141233715577445654 -3 856 1919 1
64651644262122726724773774415 5 889 4014 2
77231757163525755322112211433 6 313 2030 0
717363143443212232161127257737 2 274 1446 0
414321636734576356317437271722 -3 13553 20358 25
7121546761131247352576612566574 5 2921 6549 13
65273224422416624144567351356177671 -2 246 1052 0
2356112153166461753753763461773755 3 19 691 0
21661115424451727657245344137266376 0 560 1179 1
1673663364573443673174525672111 5 2152 5107 11
6343473231362375744462122116477517616555 0 2 4 0
24651541716752717557752233621662146 2 50 748 0
47321142161447522575472655217 -2 6755 16736 30
75635436317334372651666521125725 2 1573 3707 4
23472226421545132111663333156654445 0 74 755 0
34134464767445616723117677622135351352522 0 2 2 0
62153765517527517241122675127634 -2 163 1186 0
311125152367631362215754752676 2 3929 4836 10
123566473641132215541246512233376 1 1821 2871 2
3541732433215115744547214165573 3 823 2105 2
32337276337126575366547525764 6 1058 3476 3
123757243333312277546164667556 -5 8243 9315 17
52656511211115577752336327763624 2 823 2986 3
26653141761671312332253314664 -5 1865 4654 7
7457277551334527431454273243326 4 1285 3919 5
66423144714716237712674611622 -3 2987 3832 5
37757362642531314766772561145 -5 55521 34475 92
1337647147472552274274253556416 0 12479 10991 39
2747142117646574522342471157552 -1 1618 3083 6
632231125244312713614437265147 -5 2597 5574 13
34212323764364324777731172666421 -4 787 2376 2
6526125357327645242264151445764133177173 0 2 4 0
3671611461453565127123762742327367 3 269 1233 0
66352133753134321527124251655 -5 5901 12396 36
512731675216777764255326525213664 2 179 1066 0
1531435732333212612244546142577545167 0 29 680 0
255714773527756331213332562266761651 2 6 672 0
652622457744712261161151524377437665 -2 22 695 0
37164272574644772413136432723136112 0 34 714 0
1562426121115265164467434326333347 0 98 862 0
32767757347472134426463252243531 -3 309 1179 1
32565573473441242365352352174111 0 3584 4604 27
235242634742751114771151273327534 -2 939 2186 4
1341365672565222456324127167611355 1 171 959 0
347573633637564217545173151176 -5 10811 12165 38
63317344157716575511576544446336637 3 8 694 0
466556714734557661132163142571725733234 1 5 6 0
46565523475775543244673642776 3 7356 18419 32
6657145337754463364426736452532251 -1 405 1133 0
5416733371775475526647216664154211432 1 52 719 0
44141531464261746152361522272633353 3 41 727 0
27532222255173733671661347561673116455 0 4 6 0
1151531661241466367643773474277334 -2 20 717 0
145141222513336124744231265636 1 2404 4157 9
12313376231416627467311575477422324 -1 123 821 0
3555246211115643412613433434525722666777 0 2 2 0
31166737561755614276535451476 2 19034 24839 34
5711156631633426717543545531444 0 931 2610 1
137463455511162654337263314545726417 -1 104 767 0
42145646525436155351662346233277132147177 0 2 2 0
3517415417525135241443324316562662737 1 48 721 0
3154662674647643267252473141221335377155 0 2 3 0
31257523427244262113613757335416144666557 0 2 1 0
277731532632311772743463124655611524 0 121 804 0
2725343164464226633214751621477367571135 0 2 3 0
1636351342324735372417422165547616715264 0 2 3 0
2262377133632517135535275562764 5 240 1443 0
7637346211517537611565233176372252652 2 5 647 0
13165377745111143272264765634 0 143539 67034 90
41566616767264122441474221371 6 68 1116 1
2261162514277464457255271557416 3 997 2666 6
164375666125332772542525777632153 2 327 1197 0
2333164733147765123176427726455 0 14425 15350 29
6644162553662767747233372271141155124 1 77 753 0
64224313626736122361457625153357557 -2 44 777 0
66741676123567517152265335537122 2 1590 3197 4
565467743237614662472111544623151 -1 1388 2598 3
667552123166167427773246544132733234141 0 3 3 0
16335632532657351166761251312257772744444 0 2 2 0
31642172575352155642273673177665 -2 1850 3642 11
13511662453152455434341327475372617627 0 11 27 0
735227774352351756673153351661 4 2952 6343 32
6412741241416656543423132225515563673737 0 2 2 0
12174122355413123221354376347557666 1 389 1104 0
65524116746761452272312211466773 3 457 1912 0
163621316357671174765712433522763225 -2 22 682 0
3373333425754154212177421524124567751666 0 2 2 0
7111161746776522325125662335675 -4 1244 3123 0
125373233571366651355715676171 4 332 1137 0
6747527216175375372221542135411663463 0 147 788 0
67613371771442116346353464252573276224 0 7 13 0
1257565225743471213561141346656 -1 11979 9367 30
6661475744771611421164555347653572 0 57 777 0
337237253114612234211443144777662 -2 96 938 0
542633536557752423671775344137144662211 0 7 9 0
65717726147267564511143721656353323235 0 6 12 0
33315232532536522255776676771417 0 230 1193 0
6766776472546136222241751157123 -3 2354 5014 9
422222156133167631554651152753 -4 1796 4211 13
5214755635126461522521461126773673333 1 25 681 0
652561127316143371636336577714 5 1024 3937 2
322627377322253361556556361647117 2 292 1343 0
6425725522134727466526354763776411534 0 24 684 0
3361746361174316152431577737444 0 449 1730 0
6521345223443523573544527632161471611776 0 2 4 0
34365567111741774461456416762 -1 4966 14946 21
711662362622545741264717732764354331 0 104 808 0
72253427775435214676425424751163131656 0 10 25 0
761455464533536251373326526272 2 4556 7391 16
663521335231247532623656165141721 0 265 1003 0
6311245126456111354544535742363626732 0 19 676 0
155751761556765327717242643623341361434 1 4 6 0
34745742262737216223746744556155135 0 111 812 0
4575711717224162347756161665364545 0 149 886 0
17212775541472532747241521554134 4 20 692 0
6673751626454151117466134352334347 2 98 908 0
27717266166241616523375474115452457234 0 6 13 0
2121274337361431125167732672743664 1 138 854 0
661112533463763263736222214745175 0 542 1797 2
33567134423731142424124773772126516566555 0 2 2 0
42164731432714617152715657254374325 0 435 1162 0
327766371112744466651323334674721 0 466 1400 0
3743473142223477134365214527555 -4 1183 2006 0
6627147342711525531721513255667274 3 61 883 0
632315176426217612621167724553757554 1 11 681 0
4664547423274211457613363372625321575 0 136 793 0
145331272416656356352446536172157341242 1 3 3 0
721177254731452665134452231523343 2 1666 2846 9
43553543371364314226112174622765672416 -1 5 16 0
5772624547777336225413423114425536311651 0 2 1 0
57726374621527421154442255645 -1 11949 14612 42
42775726674562766555111247335 3 8705 13468 26
71643173322326223621635654454455471 0 343 968 4
273321644324553512212337116765775667 1 57 788 0
5445136116243374514115245733727232562776 0 2 3 0
34624274477436571554632661775532531621 0 12 26 0
54532771754417521344214532651637672662133 0 2 1 0
24347224354721735325521134145367 -3 1495 2710 7
413345257317271372326731112756 -2 1138 3766 1
16414523423334744562777622555732367151 0 6 15 0
3117642174635255135165142646265334 0 533 1409 1
143373574625524534245527366276376 0 2906 3577 12
2235671114632235556631476252731514764 1 64 719 0
31335343341746451254772455211152 -2 338 1074 1
753251772712214225533571143576336 -1 307 1487 0
36436712636312262747564435354221157155417 0 2 2 0
16447613651343673256417435677 -4 35254 15035 86
661261745732573553534524211462 -1 23852 17936 61
6475543225752537774611345327424661 0 1083 1803 3
3661615617223165121575536773372 5 285 1114 0
226566722351715771221663355513 -3 3611 4160 22
72123516511573357645674251664473221474362 0 2 2 0
6464272342151366263771122446777 -3 2241 6912 14
7112617117731566576545246332537644 -1 834 1665 4
5662243427124124732554651756431577671631 0 2 2 0
13372156522116541375144722233 2 21840 33844 91
21753636471436536632746137457 0 22330 36222 35
734434213447646677311117626517625355352 0 5 6 0
555411363726727347244532216453275643 0 95 763 0
16325364211217677773517623223146 4 322 1507 2
355571511147442372374362417616766425332 1 6 9 0
5775741221374232641152533445774131 2 69 835 0
432511664374172512344176535363122 -1 4371 3659 19
13174451553575235716217163424667237644 0 8 26 0
6732734423651556322332614554564727167 0 51 723 0
35634733475563567765475734614246 2 140 928 0
7743357443341311531455425775171 -2 47 831 0
1172371234135755714625514723265276 -3 138 890 0
74115176431112722756723637656 2 72522 88930 136
71771223334566262271616437467112355553 1 4 12 0
3626635443466471415741277267725235132311 0 2 1 0
65211452722676215564475711153773 1 1066 3287 2
63634736425147221675347572645763152453 0 5 12 0
1163522166111223772433736374466 0 1519 4440 12
322561126552253236466517775714737 2 584 1556 7
665161347545545635162742244772 5 31388 26601 54
62455157511415335477613441247632336 1 221 827 0
2465423364264634624535237327557161 0 330 1089 0
7242261663335221657637541472673 3 1574 4473 5
34767211234546537225571614622534 -1 6373 7877 22
1454357573575356774764312426226432613116 0 2 3 0
65375466652263277562515733472273 3 92 848 0
24134741436614532122263135527 2 8827 17884 68
13262762123156772757355675115 3 1820 6751 6
4623623436635143471277367647112475151 0 27 690 0
325631767156755733246634443556447 0 432 1256 2
57716615671266226113424413477447223 -2 30 732 0
3153117711565731736573235675642 -4 352 1493 3
127214711433777433452647315636616 2 389 1448 0
414773771447236454317323166531155 2 88 1004 0
61366712252351731666355237113545472 0 72 789 0
753776461373521661217257661445 -5 5920 9794 22
257761263773623452261757426364334 -1 250 1141 1
47126616646675152277455541752 4 1879 3957 3
4225717251532614262135335775137341744 0 14 665 0
743565555543742633174237132764764261162 0 4 5 0
515327557217775251466674644636 1 6218 12007 20
4715231327333632224461742611174655557 0 110 727 0
52345374752136221355427725716614763 0 653 1317 2
1442536341247366336514516475213 2 1930 5580 6
1447211127246762517431623746724 2 809 2500 6
21534522566211465727124114446673756757 0 4 5 0
5632315477215443353314661645411 5 299 1428 2
74664616452547232271726175675453511341323 0 2 2 0
6331611634742273353164715241474225672 -1 46 708 0
77666747162213253651715675422115 1 465 1743 5
54212173226217333143117374655456772 0 108 832 0
47367117571174336562354246612527535 -2 967 1508 1
11231327776666516713362172743542543244545 0 2 2 0
63255452343412414631452116137577 0 11409 7393 23
57345254442614322516126277477163165633713 0 2 1 0
67141265225526663556741531473174441773323 0 2 2 0
57226271172243761251744347166 -3 30887 35764 32
165271233511537244127774372321 1 7422 16063 28
566534627415342753162244615637277 3 5654 5653 15
4247233367671177714463213355225216541 0 31 715 0
4246176157162324656364417451125 -2 1913 4491 2
3153555612263315752674617716713 -2 4598 9078 15
2634634464243173223157432217115175665 0 85 741 0
231251177771374724134352622533154 -2 142 1097 0
6751612364764535345763154736711123222 0 69 764 0
7114662226673322515214311453654567434 0 57 702 0
745125654311136743663356364254147 3 918 2303 2
615765437654474147146722317312266533355 0 5 5 0
7767646623333216716523351477214452144 0 51 707 0
514521234416451672731244773132 4 1582 6149 7
72271763315614627743252652743535115 2 96 879 0
4571146442117455466272162221663 4 45 816 0
77277616712251116226166333353 6 1947 10075 6
331572577161151457672516526726233332 2 14 673 0
5123456751371336677141363224622241776 0 27 685 0
267636614111373514746743472647 1 1615 4354 26
76315777546566214173722211252541664434533 0 2 2 0
6731327632477557721623661621542315413 0 30 679 0
61272765766122523563561552711414 4 114 1206 1
5351574123234725346225737241661537467166 0 3 4 0
5422762363661347556254673311527244457317 0 2 1 0
765774461275372466515722431566244 0 1203 2699 0
466434543746536133422236267752257771551 0 3 3 0
7527146313711162333427144255752 5 2171 8293 0
15312553532356723125741161326 -2 1288 3833 8
114174123745162241224524355363376 -3 596 1807 5
1215446566477764452251772612462137335 0 54 709 0
424417677226524462435517775623 -1 13272 14303 17
3734223265641354262367417366174152411 -1 29 694 0
25655571117634617237115757462 6 5733 16729 7
351167211251217357363563732722745665446 1 3 3 0
65621145465431211774545516476772633227 0 7 13 0
37565656422461374513135111633462445722 0 6 11 0
561241634164772443241317153533772256 2 95 836 0
1756316115376314514557364442763737 2 277 978 3
4344461316351435511346153777772265276256 0 2 2 0
73574426254444513315117313722165366652 0 8 27 0
5551612722117445255461776647242766 -3 59 743 0
264476457622231265764732533575357614 0 42 715 0
5641443736717375661211445735617355 3 140 935 0
456431251161346546337413661755475722 0 84 757 0
133323155255456712547337666124714744667 0 5 6 0
4654424754216675341363625627233157 0 1145 1860 1
25556662662414754716552117243177721443333 0 2 2 0
372537746245757353222734156566134124646 0 3 3 0
7667637124532377667252156125151251 2 39 695 0
272741134213755153756457523432234 -2 554 1606 1
4664311232665133552346265225317 -3 999 3159 4
16554776635657754263633524737 -1 3558 8211 9
1141422265152155127333457534332467 -3 143 847 3
572171752473122712746544432334556 0 684 1674 0
257377541277237366555261356241661124341 0 5 5 0
431713416222114524617524366353662 -1 460 1399 0
225613572645725446426523357443661731311 0 4 5 0
21133324627173176133242271457 3 2073 4760 9
66566326634754527222334534472774371515 0 4 6 0
647611167755746164225345162524317 3 1201 2207 3
6774661116445335565411614333477327722255 0 2 2 0
4273677522745754742251255316463331 -1 710 1461 1
17715573426114611755552642663 1 18553 27715 40
3255221471436712442712657475116674 -3 215 888 0
2565631153467266157223554732634734214417 0 3 3 0
37653677671174756453353654461 2 34196 32365 49
227526377612753564555641667427 -2 8745 18327 30
21567345333263675556376754117 6 5951 17581 25
45465621445663536547611425772312313231 1 3 13 0
22312555341347244221635533745711174 0 45 726 0
44575513446562755321334667417 2 43259 63199 62
14467733764556622557111337563 -5 69924 34031 162
27265464641744712641633225775162135755 0 6 13 0
4162161744627147461455175556677 -1 277 1318 1
416774441313347467212255312251555726 1 52 738 0
5573542542667132644257562771762611443 -1 25 679 0
1375662534373243566561524774234451262 -1 24 681 0
173157177711545414367533466522 -1 45961 32050 55
1577735644444425172211275661726651562333 0 2 2 0
5771212671426557544673657415412332432 0 72 723 0
35732522317571333757574645161 2 3446 9219 12
44566312237511533655233212621516 4 91 842 0
165117122214626147762767373523543454 0 202 899 0
252312417631117461423427724333466675 -2 28 687 0
716576327725674166643275113313 -5 3141 3478 5
677317125341756654225516126156 -1 2840 6886 16
16322154225163161531266264734455753443777 0 2 1 0
62261332311367654223316776175477 4 182 1227 1
751667775362311135211365565673 4 814 2949 5
517144566546152745415163633461332 -1 422 1407 0
743274346515421633351177641473615725 -1 70 751 0
75544116354166444216122752733513366 0 347 1020 0
77236466277664574227544426235 6 66 858 0
41117416334762353624334465716 -2 15130 16295 29
311725641613534242754551536426723717626 0 5 9 0
355536255113117656662476113222777447234 0 4 4 0
15765265455431461157336772722276 0 7916 6541 19
64573477424531552223515712277633636461461 0 2 1 0
1253256674534747614322345243365165767127 0 2 2 0
43372332345372565522264714765175474166 0 8 13 0
666564651117777726425324547334213115432 0 5 8 0
24431131311734677465671273355 0 7575 15705 20
32341766636732426124344376221774157 -2 15 687 0
66117352111164376542743477643753265222 0 7 26 0
25143563416561727276265525671172443 3 211 1002 0
57257376776735643232134132244416512466 -1 5 15 0
452671727324573577243353565663441466112 1 4 5 0
4324257672451321612276661161553437354573 0 2 3 0
51464447236564127622711777642215635 3 46 776 0
66466231267562141722771752547 1 5589 14130 52
125414266141774422721724577335515653 2 26 693 0
1355666444564577347215516642217132172 0 55 707 0
7414724452357121375347271213343 4 573 2379 1
4564624614113133173132276627326577572454 0 2 2 0
227461255644515547735242611241371733 0 67 721 0
71116361357751365265135643675 -3 2790 7159 10
7724517331361752466156142565422723671 0 72 727 0
566434335752131213744671753115622 0 2621 4384 10
154475275752232456346145731134176176636 1 4 5 0
5464623152573615427522315263766411174 0 84 714 0
644337353421437231641121742175672276 0 30 688 0
77452163461375332415144631663462 0 2232 3519 7
112474117116363777624426435645673322325 0 3 3 0
67577456664115144612343263255 1 87879 44508 192
52312245332213751723113776576 0 2858 6994 5
2162366477132246524115112576364557547473 0 2 2 0
52412453557712754314233227433 -4 9634 8033 39
5662362246131516744425675174211452577 0 16 677 0
1341126544655447435326375763667211271 0 137 788 0
211221747742137355511257752335 2 301 1426 1
66144471237237132532267124134713475666 0 4 6 0
13323367776541151176645615372 0 12032 15907 39
51211452226142632374651547371434557 2 110 832 0
45574464232656611247131134557617225772 0 8 13 0
756714253265576644152426114147 -4 5372 3935 21
227663351637533537556526212277 5 72 878 0
3146233333746272154216264717217174 -1 101 870 1
71274112772156565512733133445353662267 1 4 12 0
432561441554446661777235572167 5 1592 4098 0
14266355125454274177547737461235333121266 0 2 2 0
34371421232441511266632441335662675775775 0 2 2 0
7426636737262366414372747154341212311 2 5 647 0
4564544721733465227237135571572 4 7806 13813 26
644534724512136443352377615226551762677 0 5 5 0
16345751243276211512716327647572 0 1886 3702 3
16574443373124423222624311117537 4 229 1218 0
2227611433563132523765261455157413466774 0 2 4 0
375377111222237236716147314565324454545 0 3 3 0
36567362271455275762755373223 2 13268 28740 27
44357277524277345615554676632416123363211 0 2 2 0
1421135632134425715633123444226 -1 420 1658 0
735351767261163335115563615627442472442 0 7 9 0
12771277166173121763445444645626253253355 0 2 2 0
571214213234275342433525736671 1 15601 15764 22
2365475341225412352557772771431 1 2850 5894 40
22337571522744461216743644233157516367651 0 2 1 0
71346511272336731362575255537226 2 785 2024 2
67516321227736642456517311732367354545442 0 2 1 0
23631614653245753741741237415622156523674 0 2 2 0
66676253776147255524542256324374341 1 141 800 0
64367224743145634451277323556277356 1 138 837 3
116465766145465461441325333152253272 -2 26 687 0
655423234456363132266355745611 0 5511 11129 28
11121173235617667535623376223754645 2 72 819 0
54477517622223774172333464314215631661655 0 2 2 0
627421665257773415446143632311 1 63357 21918 116
222576154742664675711474532423516713 0 147 817 0
17266472313616544276542174246 2 3485 6218 9
27761437552661725544741733266152263 0 397 1181 0
6453543255116723147112424512365323677 1 63 718 0
11254314235672635627342314754275 -2 6971 5545 20
6275437715675135211432761564336 1 40353 31056 91
4116251267273351543447553415422671266 0 73 727 0
56621346673366215474334122311755 0 9911 7192 15
515365445455376436227243337422112766 -1 99 758 0
11163264443263465121656772371457235742735 0 2 2 0
7644711251612675265566222155133 -4 252 1178 0
7545455641276377651446514723361673332 0 29 692 0
11675147455377175615715334426442366 0 83 775 0
127133176546663147642771335753645225 -1 273 925 0
1571655236333742224447321166424 0 15381 11141 22
5527636621627555562162774271741 4 669 1800 3
43114276766366642133227317177 5 673 2022 0
262421473611535377673576166233117 4 334 1194 3
57777664265264237322654617123 -4 26028 49469 65
5664765467723645553152321471472473 0 1412 1817 1
2771524354547766732512535146342 5 2089 5158 7
463665766351152462275172454433225 0 724 1903 1
2343776565371454732314774341566616221522 0 2 4 0
66577462673631577552474343122465321124 0 8 25 0
6267266244264377226115755171531 -1 7854 9822 28
5375571231331316661777516622273522546 0 7 654 0
24367673357261556726536432455772 1 225 1084 0
516522562737135266762557712463 1 1333 4444 3
52311342345125567755117333122274776644466 0 2 2 0
15365574116435554413162241336632 0 597 1793 6
514725241775125111576567272344434 2 169 962 0
72514746442441616776223673127333631125555 0 2 2 0
61147417117232152634475574547 6 19096 33550 57
24621253453755735531116316364667 0 2680 3855 10
115427236135732357771612274465125533444 0 3 2 0
6666662555327324373275312723554714471441 0 2 2 0
7755557324165652331127176131733246246644 0 3 3 0
663552736765566111277442443542174 0 1253 2437 8
2452562167241352342736457373417 -1 19926 12078 56
72336615765757472313311462764553652221144 0 2 2 0
65423633444537545136425536716722 0 1544 3085 1
231144723636147551554543715437622637 0 150 859 0
31226623121522653373637556477111 4 131 924 0
1765621222422733663663531541773117557 2 14 673 0
63266334774536653463227472711 2 13598 24501 33
34725656261575621447215667443112231 1 235 938 0
14115526564266132547245212665414 2 48 796 0
343754557312424214754731532271721536166 0 3 2 0
763345315745227324361466344751 2 51414 27681 43
677417163264516546542576541211333277 0 309 942 0
7251453272373114752317422611543657 3 136 911 0
6356221225377467217213761356711 4 1022 1937 0
4773516533341616722227514517127325 -1 591 1458 0
7361631666652517777527421121535532243344 0 2 2 0
4621445776735663556341176235213737145 0 49 702 0
575774725711621514245113443634526 0 1161 2339 4
2615652247424711737713244116276433 -2 405 1282 3
4712736127177167225466343614331236 -3 79 828 0
121532772364536577475531317361561 -3 246 1204 3
45333341653357622771542226247776615445 0 7 12 0
165222215774511625371251577343 3 740 3113 1
6514471256355772752115173227314323 1 61 827 0
5477453752771551176221454613644616236 -1 23 684 0
5222262557167521134155673614661334 3 146 972 0
6334156131732276376377117444456241 3 91 891 0
144124631277736664533331617167 -4 4154 7668 14
765567441172441727423651342372 1 75382 57390 91
73117674411261551367723422253754255 0 124 830 0
7533264356567124121765512762113373762 -1 14 662 0
52642112321552144123517435373773644666657 0 2 1 0
727111253723462441637265143274173 1 1366 2782 4
2226113133512633655411763562627457 0 247 1008 0
4111151164224222626477333646564553355 0 16 674 0
162117735166531733334561577755222 -2 154 906 0
12616137344222445373123726113 5 2033 3882 16
754475553121675142163245771713 3 2936 7790 7
5234366411554144162665134725717653 -3 185 942 0
563766547461264444363337772112735515215 1 3 5 0
62165625212252641146637555444711 2 247 1045 0
75322756151646665376215777322523141 2 76 777 0
576243444672414373755116311657656522217 0 4 6 0
7443141522453147662554756357122333767162 0 2 3 0
765225574562236142565323441431336467117 0 5 5 0
2451367362275677627221173553431 1 16254 14883 26
5733246454411752263746236265134372561771 0 2 4 0
4226726624552536134711116447236 5 741 3104 3
215437633767621671765726455351325 2 862 2488 1
55231452162145245577211344433633126 0 53 743 0
513564224215534471475512263171 3 3332 5426 11
125765767223411771322554211554334733 0 29 681 0
3336246337375777175215566124551644611 0 34 680 0
15416122721163252177424636663477743 0 63 790 0
73633375775263571655445362671611 4 689 2116 3
16112454165343233156126635375526722444 -1 4 5 0
15714263361165775675514753721 4 13513 24709 54
412264327535742456223346657745776615 1 26 684 0
74465437265237731341656425627137123 1 531 1401 0
41712514716463745327537221413224 4 1017 2885 6
45214554276132747117313146435527335726266 0 2 2 0
6526543752432441747152456617212676 1 386 1226 2
56125261164477715376672514143622435472333 0 2 2 0
674311256314337513473754766546175561 0 19 675 0
362616123257512363561275632777545731144 0 3 2 0
1453221156256314532252673766576133777 -1 11 664 0
122634562353513732757763161625 2 2775 4106 13
17137731537213173436652657221 -2 2093 7647 7
43476232141727322573461143247167361 -1 13 669 0
7516726623446132357657252753674 -4 3289 6365 18
62273554466333414434752236672 -1 15768 25844 28
4612612245725412241713437531573456757366 0 2 4 0
631671773177147346636655225511 -2 4882 9769 19
266416546517514577127765252711223633 2 20 693 0
15533177336334162251777175515424664222 1 4 16 0
6213133221526426714337747341162647756 0 18 666 0
4426614121175655665317744473723 0 27056 13973 46
2537255152164465533776227621614377131 0 59 709 0
267663514352411661752172175442356 0 4791 4149 5
6274366516134743353656215744551173417 0 16 666 0
32552217466332765254335523111671176767 -1 4 5 0
7553417746463176176733326262112 -3 2043 3335 3
1431737773264226471222645631371634614 0 7 644 0
6221174212752744662516315466571 -1 2059 5397 1
626625331713352361622562111377 -5 236 947 0
52751475256122436752336456773 -1 95009 65645 82
11366434124121427464222563373136677 -2 36 707 0
61515667756513177466517125732 2 666 3029 0
7447442155717775141413532232365561263 -1 20 692 0
1475472136311374334437114576726625555222 0 2 2 0
51355551547472226362322647743643 -2 3694 6501 11
2467436357145551777741141142255233366623 0 2 4 0
27321655356115733463527613277 6 18987 41157 22
376671226336753466444441731122551773552 0 7 9 0
352743712371621631455225771166657234 1 145 829 0
53156531147174425252177622477 4 11154 16448 18
527621372271327433776355153425165 4 32 863 0
32155225764244174477225331763755334 0 53 732 0
151267135543516667273176716253 -1 8683 11051 13
33573465311454632157234445127512 0 1077 2663 8
27276777463565452156715224532644631413311 0 2 2 0
3551535772673266724524625713334 0 13685 14331 48
644243547211337627666761733212714342 -2 7 14 0
7265642744155757653661717564242213412331 0 2 2 0
4612525337557374245363772271125631 -1 371 1084 0
53255147326115123566117763367757 2 490 1397 3
2647162263671357624677153431225 -1 24362 17242 42
7513443466532456412453156751331 4 818 2568 0
2657322664451417624366327424353175115 0 78 774 0
26156553613675367722551167317331 2 123 1117 0
7322631721346763537316444462451516225 0 71 724 0
4142351123126172343572356773712754644656 0 2 3 0
5726711712611416576447554373226463 3 292 1171 0
313543374327143552251146556761241622766 1 3 5 0
161732247327445365275272556154743633 -1 83 748 0
34173154217214555631426641455223627733766 0 2 2 0
737566121544715632664464321351271 4 850 2614 0
16437771717517132153246642225633356 0 273 1082 0
1661733353573272151352545661277 -1 3683 5987 14
32221331527655536512274433151 1 1834 5246 12
1676333572665514576247613114271233755 -1 13 678 0
37315375372564133275767252561422611146446 0 2 2 0
16321341235133171535275556224266 -2 203 1060 0
15157626617673315757161745356222333 -2 17 680 0
524714722166172175724366543711244 0 284 1164 0
625242277376452255371413164437616471353 0 7 8 0
65173135547517734237724153634564461622 0 9 25 0
653262371357331126235771176215 5 1490 4074 2
52577314311462551765637667562371312 3 50 732 0
6171331275655636334422443721644156 0 306 1187 0
666466644412413133512377275547771522 0 215 888 0
242222463375671361214657744667117 2 820 2395 2
17735557635562757333143746111126266 -1 24 687 0
711252713534341443575337222557617 0 248 1187 0
7322544516315432326467432142531516716677 0 2 4 0
66565466552354164272275411334227137 0 646 1260 0
2513362332432664134172742516474171 0 258 991 0
24423524357365425774173337272456611615 -1 5 16 0
34426643624655251556744365131221217777 0 10 23 0
77243113344113246614177553473227565 3 39 785 0
3173112776163215443154525425574632276 0 134 778 0
14736425325213147755214355462364 0 8667 6862 29
213555146174522654331727615143 4 9063 16647 53
75621755215645652166771736427324123 -1 54 829 0
73372461511555274674634657675432416222 0 8 16 0
55524633117766133171136764737625 -4 132 1003 0
53246236376436733614122246575141741 1 205 1020 0
113535574343153466477466316552767 0 460 1382 2
653652263152124474354523167742336611451 0 3 3 0
162723724512664325154166235733653574477 0 4 5 0
16771441165317414364746773366335522 2 30 731 0
711571425732511526222657654734433331766 0 4 6 0
566711636511172531457377563633424 -1 760 1821 3
23126776414771445617756322141243333266555 0 2 2 0
6721171716637335322153122673566254455 -1 8 650 0
214375677161451571236376562751363532 2 23 693 0
4656755264724714653674475561317 0 915 2540 4
242211274263266664471174741755 -5 2407 5207 6
5613266222335367526115153711532674 2 20 757 0
5721754336567631233312667117165 -2 403 1465 0
61364771753457722673631222566341421545543 0 2 2 0
634417612636113757253374135471 -1 16306 19397 35
725172145435745137634624647321363226765 1 5 6 0
6616374132146574335135135675524147 2 270 1063 0
233222777712561365313351661214757 -3 187 912 0
77222453741346371355215344165614 -1 12067 9102 34
223447531317542562715145654273332114 -1 25 693 0
76523275116725665566222541177 2 2143 5100 6
1271274736736456422577256231645335 1 1895 2330 5
22363276226331154516723176671731 2 138 981 0
2256713655146326621346543245217431 0 1006 1879 14
63144635155445352244521321211263766773776 0 2 1 0
26166172245661464744754227112773153 0 51 734 0
7272365267773331745126165336651 -4 1774 4766 11
14773121116164375356577627633 5 514 2495 2
34117656256627455341235734764572623 0 713 1445 0
5255645661262233142737343311721166 3 93 843 0
43341525551461114662413532436 3 19019 52980 85
167221551477454364351673666121 -3 22535 23713 34
231157251511632631637766375243 5 786 1693 0
2376167454515726653225733272176 3 11006 13148 18
455165552465422666271133641133714243237 0 3 3 0
52332423626162742557413334565767647741151 0 2 1 0
7613272341341144175273457741666366 1 169 934 0
51631731361373575734776525115 -5 919 3671 7
366263531416633535477552227677712245 0 24 682 0
14512475713727644417517661365 6 1139 5040 0
75334656563423645523244164617532721772 -1 7 12 0
6614525442353371214512732676175264 -3 4957 2730 17
24427621531444122437776361216517753635 0 10 26 0
562211433411275452333644636165162 0 597 1656 0
1155112222474364733743566614614525 0 1730 2050 5
211345241752711326713473225737 5 60 1085 0
111654471715757353754254244722216 1 316 1193 0
452413713651343173344416722771557622 0 43 734 0
434654212743744112732125672155335 0 1341 2344 2
64562764424426214671122775317571 4 140 1095 6
145623552343366154224554411216 0 11962 9702 63
721352645514511547146661244656 -4 1203 3510 5
7311547577764123455346156536263467 0 574 1316 0
52665523751274534257761726476 4 3664 7050 8
44313343314577225517714261741766226536625 0 2 1 0
241332727166326137112155467443523 1 1251 2576 3
41214413142325617731333652475772 4 424 1701 1
765311172237471372553716215625356626 2 3 15 0
274772611552657447213657616461254423153 0 3 2 0
71614617447377457164451521335526222333 0 10 25 0
57532667177217561331723643324465 -3 8869 7375 29
3752577155121135641475122442266347346376 0 2 4 0
62212225754527474756745611543647611 2 17 709 0
76367766125267677431552322445 1 10024 16431 62
321127375467255342514472213537 2 11697 7891 33
1741521515562262313671246675335336774 2 40 709 0
67355351533547765767714613144461621432222 0 2 2 0
247742345313345625736351661652675224411 0 4 6 0
175472612416263256225775647135561713334 1 5 5 0
575764214665315226617472252363114331773 0 4 5 0
32265373241237643744635551667 1 129539 72286 131
7563112242553436462364367567524472117 1 94 771 0
77432362773367472436355226451464511652 0 5 13 0
21431167543125267676544264221714765373 -1 5 14 0
6313365453512423366644467245557721221 0 32 687 0
117462553552311763376655177223234721466 0 3 3 0
65554626131471612777355167763332 -2 590 1672 0
1374311341246147153576246634325667727 0 26 678 0
76642741435573447574271232313253652656111 0 2 2 0
13332314567514313146514462647527565776 0 6 13 0
473547555275143137115112474376432663262 0 4 5 0
2761343434574273245566177114317156 0 862 1787 2
537466127771112547217214362654256 3 707 1919 0
2171137266253775276112542471644 2 2434 5414 4
111656645644476164553557411322232 -2 185 923 0
6355372361765273735775153216211446612 2 15 677 0
34727517345671124751756416632353362144562 0 2 1 0
2627765445737732247142554352563163113 0 71 720 0
6614446144213373343572173625621522575561 0 2 2 0
2663413153462235511717616263752277 -3 374 1185 0
7633617311563542773122531152464 -3 9730 12885 12
631533737655753352677572411146261226 -2 35 712 0
32371421135547764264312544112527533767 0 6 13 0
66456114746571524517613751365 -2 2815 8139 11
1671554444576476663712532771533632242 0 91 772 0
676555422457354215217677667634311321 -1 273 937 0
71421147327765771623626634423 -5 9315 10900 33
7352142137463635666263553474147752172115 0 3 4 0
62352773434722421463343125746116 -4 3293 5302 9
436632267114621466377115174354242235 0 73 748 0
213477662241143347122733666164327 0 384 1396 0
7217423322714431671633664542531627 -2 793 1539 0
4233353731262144611266266515531244455 0 7 644 0
3652114274643741677521751333761445 0 1073 1888 3
6266673573315246632711227535255431471174 0 2 2 0
517724361112312753261275536236746364 -1 78 743 0
11763273634721365317516762642155755223444 0 2 2 0
61615215475155571374373176274223236 0 327 997 0
466754211241714177565574152374226625 2 11 664 0
455155137133342477531351477744 5 90 1001 0
61275213577673143454155163754424271 3 48 776 0
5366327417457226527655521327331167631 2 15 677 0
5223724647467415333143162462772763611155 0 2 2 0
1322154452517765343277266216437 1 49006 28563 55
42454611251266217126153276635 -3 3811 8190 20
511431433727541141264237433672276 -3 690 1917 0
76712456373325556634225676417473241 0 586 1226 0
2451613162427714737172362337454425 3 319 1220 0
6313313614476614237262611435472245557 -1 67 722 0
1122555442572426246366675316751 0 1304 4184 2
6646272374524714724461176621713235513553 0 2 3 0
1211215114267722765534572344645774 0 179 881 0
63552637346532147335671655727126722 2 42 728 0
61134124344226244271352657663 5 903 2824 3
2175714734552411451567733441222666537332 0 2 2 0
745736345733254227753522315624117144 -2 27 685 0
33242274555663277276716165473315321 3 176 950 2
64512251217762472462766545773446155333 0 8 16 0
767712573125335144776532534464 0 54415 36289 70
155164257647643324463416617117572 4 408 1639 1
3754244321165322745214677475753662353 1 21 678 0
117662364364411455352626544273553 0 2728 3474 9
5657617421771753341275541125426424 2 114 876 0
741114355544541236257762115664266332 0 97 758 0
44437536212265216654455214616 -2 2422 5163 1
6473361671225313676161212575722553 -3 176 910 0
32364511663516535572337576216 -2 3137 8577 23
14711164625315265231526226375765447437733 0 2 2 0
2275634273633217117526375347415 -4 2138 4017 9
