2252576253462244111563365343671351441 -1 5 3
23163416124767223154467471272416755633 0 5 3
71255763773133525731261364622167124446454 0 2 1
65214673556155731566316327373221417 -1 27 15
52677675164321472411331752454 0 23325 10542
3135151421347443544172316522225776773566 0 2 2
562154564361751726662253737734213275114 0 4 3
233377345754465174223731671122611552 1 14 9
6763525635134453444361412671365712 -1 52 28
211376455663355325112113664364524722 0 8 4
3146762114467714356347741621375222 -1 126 68
67152117737262713366376314254 6 15043 6567
2762751722231276466633475674533 5 37 21
3642756176227637211322113551637574556 2 3 2
22647455554314246733661634615122372377511 0 2 0
427566236745127177115664464254 2 361 170
7172212567451542223676134464437761515 0 21 9
641154574541323641152467137655232232366 0 3 1
5775265212657176476365522624313714333 2 11 6
3575316255751336464276636772271112 -3 71 34
75662564375666511575212332122171447733 1 3 1
3576127617575661522124647446257235344113 0 2 1
655651721435342216255374674123 4 1344 535
335413424327172446337172625415575517 1 10 5
12156756715535615116237724723 -2 472 177
4744236462134233111155374771566655522 -1 14 7
144324431445513573673777361765615215226 0 4 2
466337133772221726726511133452571 0 189 78
5577777735365512235162362241426611 -3 12 7
6274476136716665132411555412333345 0 111 46
2166166176633734115273317322475724 -2 15 8
3432357517256661231652672362571175 3 8 5
26512741647245111351472255277 -5 12 6
3414355576455177144321543311672273 -2 18 8
112471523663662675764743257544335112741 0 9 5
24555313265147651622632244317534477 3 9 6
5512371662253342337574526766763245 3 6 3
27573772361321663724362213661574 2 22 12
3336513263356226156221176142517577574 2 7 3
6216633712715125334265163163777225 -3 8 3
735425274762537661575175136212214614443 1 4 2
67652627754667711122263741251355513444433 0 2 1
3324524346452572767551333257727114 0 47 21
47344144255311355215566613617433267622277 0 2 1
5711457417462173563673656226153335724441 0 2 1
7174362564676726631735257252323 -4 9 5
6213724444421524673215767767233 0 1699 625
74335434411656772367437345716111256622255 0 2 0
12513736213523127714633572657256 -4 66 27
33345517452154243637525163177771661442 0 8 5
4242255734462136735555743337711172114266 0 2 1
47715713331437527153255735112 0 368 130
75345112462162112542645517445723663673 0 8 4
345272112577424477722116144566361353335 0 5 3
7235431667532555335366227767122741 3 39 18
3515655547334632573462442436722717672611 0 2 1
5114752266375176254672271463763 5 314 129
26226627217273417775416514661414455 -2 6 3
75671334317317336771215665546 -4 1157 478
171231226144413625631766635232354 0 69 34
316775734112511514276652774525666433324 0 5 3
671337313517162274736137166625 2 103 50
724426633665427464467135277713322 -3 39 17
26152653322136634677576524721 0 3784 1399
7134177657121331734122334222646475455656 0 2 1
55544463222315723417163427535141712366 0 7 4
2365735775473244231263235156756276411 1 8 5
5351252463263713771262625511175 -2 142 61
1246652731765175642453216447355212761743 0 2 1
65163631747317535254246533477742546126 1 4 2
632131362752266425527575661477514173133 0 3 1
3575213524612243543117121734354245 2 8 3
54315521633364265177472556321131667422 -1 6 3
4135614326115446311565436527365347227777 0 2 0
6121455117152514634356336576722 0 160 71
162763511717327445577335341162225 -1 109 57
22264616135732655536513176725 -4 320 134
3257422513267365666657715143273215 3 8 4
7375363223321275365761176227554 -2 104 42
7574351513437646536627543374245122671 1 28 14
473457735543145756116234731734 -2 464 166
31161436231375514162762677336 1 570 238
7674571355564732621771632445541312664 2 13 6
5664257525274755427162647641617411233331 0 2 1
15553572725743113217732374225141443646 0 4 2
531633412573473732555776574121142 4 40 22
61112547667441142275132277424365673655533 0 2 0
463664536261521546311273242457332 1 123 57
326615663752621323655335514271 4 20 13
71165555742443273243763213427724 0 298 117
161452652223115233627734653135566717 0 8 4
74425337641465475671176741236615215533 0 7 3
32162751756771355671355274632416432163244 0 2 0
524216226637772126164361744551551 4 16 9
1576663267233361422642121117554 5 7 4
6343274434344672215273311526556215 1 40 20
1313327526554131647611374372646 -1 480 205
36454347246745616376336347211212717 -2 10 7
23135456174511325333222576644421467616 0 5 2
37342133236232526427711116166777 -4 8 4
736432547357137433465775442162551 -3 19 10
65323776614155213553376652122427 -2 170 62
245742673445231642226677515746163 -1 241 95
341236533542227571766567145126312 -2 260 108
661556433457252231661613114325732 3 25 12
11617255152412223243461443755 3 416 193
4723225734625174272467763531446513535 0 15 7
41475323467164226325421231114336556 0 27 13
77336231335737515556216511771624626 -2 5 3
32113735114523512272777153652673 3 12 6
652331172222457134742634464673135775 0 28 14
41157313573623152655422176126627 0 513 196
52751626222765267437674374433416331155511 0 2 1
45512272164216512124665566753 0 231 93
34441157374153736716346556774311552222 0 7 3
557671311761447661663222331375 4 20 13
73711455213245356452463362145367227167174 0 2 1
57571521273372553771133411265426 -4 11 6
63411624267622313431756753411657735527244 0 2 0
743147475311235374153667575364254661 0 16 8
13221637674233315611217775236 -2 242 106
35371324637717563211665236277265 -2 123 52
73337267741442232214473741513516265 0 15 6
4652554254441727611466627637231573115733 0 2 1
422273444275564571264157762567533 -1 52 25
62333544634137272131752556461465177257642 0 2 0
12514726155174536522772517671 -3 154 74
5342133617653345412111327674525657676 2 6 3
57436215546655561632673221774224 0 727 249
13377634162752622457544414336266211 1 40 16
332166312711276477164432435466555521 0 72 29
3676667731372526727121651543335 -2 53 24
62456625325371143255267244541167413 0 32 12
6346516555553413114311436442377227277272 0 2 1
434441636425271214325331377527661167527 0 4 1
6627513412261243434662623435755 3 329 132
1713214542552442615742451312753 -3 114 43
27542661356115144656126123355342 4 8 5
4632263444124617222171516514573366753 0 14 6
3513265333547163177727167665521 -2 128 44
6412363551515544423325634641136 0 144 43
524653332256623414472524557673341711 -1 18 7
545712124632266433465225571147 1 3308 1161
512544576346755736772227654216233331416 0 4 1
33633737511156576175761164444765342542 0 4 2
56166146423261152341216473547 4 636 207
72266725371541716377235513522511644664334 0 2 0
564414111461617227324564266377573733 -1 12 6
47326565227476132357733221316615461751544 0 2 0
32543544447733417277713515216156321522666 0 2 0
475441167453247721652552425273 -5 21 10
42577414436732671615644631565377215513 0 5 2
4242276617151162517666552153523447377443 0 2 1
456276274266462724276371741543 -1 75 30
712571271166563567166743254272 5 10 5
246254655267722574364533641533611241173 0 5 2
1267354235412736561671536772762554 0 126 51
55652251124717734274112753673513266334 -1 5 2
2154161454476562367253251151743324 0 91 36
7211533245325536242316615361517 -1 370 127
5327274145773234475225457541321 0 114 34
76261532672751646635552252333177111 -2 9 4
33756525572635413225374473726476 2 222 74
6146751735612247133174335661236572224475 0 2 1
12241427723644146641135127767763356235 0 6 3
66333444714334751354116675176 2 701 219
711221144125417522453372543663376546 0 53 23
13572574574336771444755135121 2 2240 686
31711653336664363224651775122142755774 0 8 3
322176534514613264332453426667724117571 0 4 1
5722154313445541142112455333227676736 0 7 2
7626745476122763521226763753414115 3 28 13
1222376543225523156773766436775346541144 0 2 1
4766635436535425165573126223473711 -2 59 25
2316261177141456635241744767245562 0 168 63
336176327473676264173126455317452 -1 452 157
7275266736656224513416453475524423317713 0 2 1
2525453157437721753235142343772116 2 23 10
77717442447164154627151133323236232 2 28 11
212511372171451342247267463534 0 263 91
754543545447541571137367273612 1 661 231
145141142554355171365473322772264 0 95 36
121731455645661151446723475572422 -3 41 14
471346772314634711662437137346261 2 16 6
74241572445765773245152741513133 -3 39 15
32374265746742266767547622145 2 498 167
72466516556477525246511421136744173233723 0 2 0
2421176752333212662665751151657445743 0 10 4
1727126241776745736514411546534526252633 0 2 1
36524571542351776551323614342223477761461 0 2 1
32661456543252361445432717415323661152 1 3 1
1626521411226325661652143543734575344773 0 2 1
3241145171732273522645451776672 1 241 84
21176223773245661677416571265444125 -1 48 19
51157274117637535335152717444443266663622 0 2 0
71222432614122466366744411561737733 -2 9 4
315673216317152634716277223755255 1 115 43
2532217274214444146211356717737533536 2 5 1
11513154335437461536136677566452744 -2 6 3
7654776675256624444643117711331235 1 74 28
347466342553524733255764745631661121127 0 7 3
36651326227232515767351624741116 -1 107 41
257273654751353267257126613452117334616 0 3 1
36527176732463353744161566412441125772 0 9 4
61771566546513437644572641471 -2 91 31
17227416631324662771525327416733165 -1 19 9
635612533521556742126777167547612 2 52 21
35632152463737741254111755645173224324 0 8 3
75175462454433732336461324222161166 0 48 17
235343157637264213475475514425311761766 0 5 2
673466551526416747746423515427533237321 0 5 1
5744625253727174476144263366111 -1 225 79
67255217565535272362732377313616611 2 7 3
14717157225616276372276665455121 -2 49 17
61151145221126576476226744257647 -4 18 6
26147775643744425655347565333 1 5109 1575
3734133322575154142545354647716726176266 0 2 1
5445715774413366377411635376556623421122 0 2 1
24763233527423124256453513746 -5 12 6
22726477721346244337156436325366555 2 47 18
553441572767715224731512235666337166 0 19 8
215211625424277276665415665177 0 1529 438
7344333222357623754714114772411155256 1 7 4
32616333713725611721734277264 -5 381 143
37722176125735517261461663716522355 3 5 3
455152246672777617416174462326 3 489 164
453311667775446742321771364135514 -3 17 9
73623227532664476316523773254556744 0 33 13
2234233713673272772715315511456 5 5 2
571661222213427525435551361136744 0 40 16
7522745647553215577666223213136461 -3 19 8
721465313316322566416737572477 4 351 145
574331641621757135471271334735522 2 68 34
12323353157221355146575364767276162744 0 8 4
73532652141726521567746755662271333411 0 6 3
741564374565535457117414166626213 1 140 54
7214367222466576163263111243477134 2 27 12
74624165764117663575545377446135131 -2 6 2
46472445375121136551453523421 6 581 193
57213724365233732431167172174421566565654 0 2 0
553111312566546717444477713367364635522 0 3 1
1126533332457256766777753554664141 0 75 26
77711664253165461775237646441451233 2 21 10
656111255627271542471671672526 4 64 27
62545731311224667224761135435357 0 1219 434
72171136136337326616767734214 -2 135 46
7757773257231346234144653122551152344 1 7 2
136262243413261155223714636146555 4 7 3
2317341651666134413473525715426477 0 126 41
23225744227127613717766633114613 -4 22 7
6245315676125735441136636227457325214137 0 2 1
315572632753642126526461431432 5 1164 393
31156377761323521533645257757 5 84 29
76667254676674254555745112142711 0 171 57
42256112547344662335632375234664751157 0 8 3
446344376542772437261323626216317 -2 16 6
736735536662233125221645231174161747474 1 3 2
112457643525452232121777734413736154356 0 3 1
3324712115377752153334227146256 2 88 32
217367375336313761566477521556415 4 7 3
574613716631655465371534672443752241 0 47 15
62135524454472424712277155561 0 1127 298
373357235337542177155572244111612264 -2 5 2
6624634624356761732554377255343271754 0 12 4
643744215561171257717355451466224 3 41 15
223653332753242251655476671167541677 0 14 6
72435116367432615375446632372672127 0 82 28
773443147153361661556344777341156556 0 6 2
56274563661245177154734234673 0 7307 2061
73752151652271132154477417355443243636 0 6 2
242677727447652422765165411533111 0 76 26
52332734325736161165177246571361 4 7 3
721625337652353776633166217224 -5 49 16
4213475457617611441224613556575 1 460 139
15153233665512265253266243367171 -2 35 13
25567612321766542715753451236 2 3541 1073
2135616344362616617444333774221777125 2 5 2
64261557453565765234637331431614777122 0 10 4
21256255675641611566521727713372 2 43 15
63431611215716125654643233632 2 229 73
333365225526525363521266677117777411 2 5 2
217575357156625263236237561376 -5 102 37
3661776616547716114455577345433215 3 12 5
5543166113414677212361372446343552752572 0 2 1
16357157437461355316457465722 1 12162 3422
76447166434364334263563717555522715 0 17 6
212252612764665623614335555417417744373 0 5 2
1221335621427137763515717733425552 3 4 1
4671167123231352464737331514674476 1 93 29
7653574577236637612353564562423 3 19 8
176775532231471135515346344757463 -3 50 18
57643325577113252235761716712332 -2 83 25
32114125125351447166362752355326644364777 0 2 0
52367125716447142464421775212367531635653 0 2 0
43312514245164525645617747253326616712 0 6 2
44265456634726327751646317142111337227355 0 2 0
54136437113623141233715577445654 -3 19 9
64651644262122726724773774415 5 46 18
77231757163525755322112211433 6 8 3
717363143443212232161127257737 2 36 15
414321636734576356317437271722 -3 744 232
7121546761131247352576612566574 5 8 4
65273224422416624144567351356177671 -2 20 9
2356112153166461753753763461773755 3 15 5
21661115424451727657245344137266376 0 50 19
1673663364573443673174525672111 5 10 5
6343473231362375744462122116477517616555 0 2 1
24651541716752717557752233621662146 2 14 4
47321142161447522575472655217 -2 567 124
75635436317334372651666521125725 2 214 74
23472226421545132111663333156654445 0 27 8
34134464767445616723117677622135351352522 0 2 0
62153765517527517241122675127634 -2 30 11
311125152367631362215754752676 2 215 55
123566473641132215541246512233376 1 452 126
3541732433215115744547214165573 3 168 42
32337276337126575366547525764 6 9 4
123757243333312277546164667556 -5 16 6
52656511211115577752336327763624 2 64 19
26653141761671312332253314664 -5 32 11
7457277551334527431454273243326 4 23 8
66423144714716237712674611622 -3 172 54
37757362642531314766772561145 -5 5139 1455
1337647147472552274274253556416 0 575 146
2747142117646574522342471157552 -1 123 37
632231125244312713614437265147 -5 124 34
34212323764364324777731172666421 -4 38 11
6526125357327645242264151445764133177173 0 2 0
3671611461453565127123762742327367 3 9 4
66352133753134321527124251655 -5 14 6
512731675216777764255326525213664 2 40 13
1531435732333212612244546142577545167 0 11 3
255714773527756331213332562266761651 2 3 1
652622457744712261161151524377437665 -2 10 3
37164272574644772413136432723136112 0 17 5
1562426121115265164467434326333347 0 27 9
32767757347472134426463252243531 -3 57 18
32565573473441242365352352174111 0 784 183
235242634742751114771151273327534 -2 30 10
1341365672565222456324127167611355 1 20 6
347573633637564217545173151176 -5 438 113
63317344157716575511576544446336637 3 3 1
466556714734557661132163142571725733234 1 5 1
46565523475775543244673642776 3 934 228
6657145337754463364426736452532251 -1 64 19
5416733371775475526647216664154211432 1 20 7
44141531464261746152361522272633353 3 5 2
27532222255173733671661347561673116455 0 4 1
1151531661241466367643773474277334 -2 10 3
145141222513336124744231265636 1 167 38
12313376231416627467311575477422324 -1 17 5
3555246211115643412613433434525722666777 0 2 1
31166737561755614276535451476 2 532 152
5711156631633426717543545531444 0 70 20
137463455511162654337263314545726417 -1 22 7
42145646525436155351662346233277132147177 0 2 1
3517415417525135241443324316562662737 1 12 4
3154662674647643267252473141221335377155 0 2 1
31257523427244262113613757335416144666557 0 2 0
277731532632311772743463124655611524 0 24 8
2725343164464226633214751621477367571135 0 2 1
1636351342324735372417422165547616715264 0 2 0
2262377133632517135535275562764 5 7 3
7637346211517537611565233176372252652 2 3 1
13165377745111143272264765634 0 10858 2803
41566616767264122441474221371 6 14 5
2261162514277464457255271557416 3 130 38
164375666125332772542525777632153 2 78 25
2333164733147765123176427726455 0 1450 394
6644162553662767747233372271141155124 1 21 7
64224313626736122361457625153357557 -2 7 3
66741676123567517152265335537122 2 54 16
565467743237614662472111544623151 -1 77 23
667552123166167427773246544132733234141 0 3 1
16335632532657351166761251312257772744444 0 2 0
31642172575352155642273673177665 -2 144 39
13511662453152455434341327475372617627 0 11 4
735227774352351756673153351661 4 299 84
6412741241416656543423132225515563673737 0 2 0
12174122355413123221354376347557666 1 53 14
65524116746761452272312211466773 3 39 12
163621316357671174765712433522763225 -2 11 4
3373333425754154212177421524124567751666 0 2 0
7111161746776522325125662335675 -4 14 6
125373233571366651355715676171 4 15 5
6747527216175375372221542135411663463 0 39 12
67613371771442116346353464252573276224 0 7 2
1257565225743471213561141346656 -1 640 162
6661475744771611421164555347653572 0 29 10
337237253114612234211443144777662 -2 25 6
542633536557752423671775344137144662211 0 7 2
65717726147267564511143721656353323235 0 6 2
33315232532536522255776676771417 0 42 13
6766776472546136222241751157123 -3 210 65
422222156133167631554651152753 -4 124 34
5214755635126461522521461126773673333 1 11 3
652561127316143371636336577714 5 8 3
322627377322253361556556361647117 2 56 17
6425725522134727466526354763776411534 0 10 3
3361746361174316152431577737444 0 116 32
6521345223443523573544527632161471611776 0 2 1
34365567111741774461456416762 -1 752 195
711662362622545741264717732764354331 0 19 7
72253427775435214676425424751163131656 0 10 4
761455464533536251373326526272 2 267 70
663521335231247532623656165141721 0 33 10
6311245126456111354544535742363626732 0 9 2
155751761556765327717242643623341361434 1 4 1
34745742262737216223746744556155135 0 16 5
4575711717224162347756161665364545 0 28 8
17212775541472532747241521554134 4 5 2
6673751626454151117466134352334347 2 27 8
27717266166241616523375474115452457234 0 6 1
2121274337361431125167732672743664 1 26 7
661112533463763263736222214745175 0 53 15
33567134423731142424124773772126516566555 0 2 0
42164731432714617152715657254374325 0 57 20
327766371112744466651323334674721 0 38 11
3743473142223477134365214527555 -4 21 6
6627147342711525531721513255667274 3 5 2
632315176426217612621167724553757554 1 7 3
4664547423274211457613363372625321575 0 16 6
145331272416656356352446536172157341242 1 3 1
721177254731452665134452231523343 2 130 35
43553543371364314226112174622765672416 -1 5 1
5772624547777336225413423114425536311651 0 2 0
57726374621527421154442255645 -1 831 186
42775726674562766555111247335 3 657 203
71643173322326223621635654454455471 0 47 16
273321644324553512212337116765775667 1 18 6
5445136116243374514115245733727232562776 0 2 1
34624274477436571554632661775532531621 0 12 4
54532771754417521344214532651637672662133 0 2 1
24347224354721735325521134145367 -3 51 15
413345257317271372326731112756 -2 223 52
16414523423334744562777622555732367151 0 6 2
3117642174635255135165142646265334 0 72 17
143373574625524534245527366276376 0 479 104
2235671114632235556631476252731514764 1 34 9
31335343341746451254772455211152 -2 39 10
753251772712214225533571143576336 -1 37 12
36436712636312262747564435354221157155417 0 2 1
16447613651343673256417435677 -4 1701 342
661261745732573553534524211462 -1 1633 352
6475543225752537774611345327424661 0 117 29
3661615617223165121575536773372 5 9 4
226566722351715771221663355513 -3 136 30
72123516511573357645674251664473221474362 0 2 1
6464272342151366263771122446777 -3 98 29
7112617117731566576545246332537644 -1 131 35
5662243427124124732554651756431577671631 0 2 1
13372156522116541375144722233 2 201 55
21753636471436536632746137457 0 1833 441
734434213447646677311117626517625355352 0 5 1
555411363726727347244532216453275643 0 38 11
16325364211217677773517623223146 4 97 26
355571511147442372374362417616766425332 1 6 2
5775741221374232641152533445774131 2 12 3
432511664374172512344176535363122 -1 124 34
13174451553575235716217163424667237644 0 8 2
6732734423651556322332614554564727167 0 11 3
35634733475563567765475734614246 2 75 16
7743357443341311531455425775171 -2 13 4
1172371234135755714625514723265276 -3 8 3
74115176431112722756723637656 2 9683 2310
71771223334566262271616437467112355553 1 4 1
3626635443466471415741277267725235132311 0 2 0
65211452722676215564475711153773 1 171 45
63634736425147221675347572645763152453 0 5 2
1163522166111223772433736374466 0 156 37
322561126552253236466517775714737 2 43 11
665161347545545635162742244772 5 1999 450
62455157511415335477613441247632336 1 63 16
2465423364264634624535237327557161 0 70 17
7242261663335221657637541472673 3 126 34
34767211234546537225571614622534 -1 453 101
1454357573575356774764312426226432613116 0 2 0
65375466652263277562515733472273 3 34 9
24134741436614532122263135527 2 240 66
13262762123156772757355675115 3 161 41
4623623436635143471277367647112475151 0 9 3
325631767156755733246634443556447 0 114 26
57716615671266226113424413477447223 -2 7 3
3153117711565731736573235675642 -4 8 3
127214711433777433452647315636616 2 55 16
414773771447236454317323166531155 2 14 4
61366712252351731666355237113545472 0 18 5
753776461373521661217257661445 -5 1014 231
257761263773623452261757426364334 -1 38 11
47126616646675152277455541752 4 36 12
4225717251532614262135335775137341744 0 8 2
743565555543742633174237132764764261162 0 4 1
515327557217775251466674644636 1 475 110
4715231327333632224461742611174655557 0 14 5
52345374752136221355427725716614763 0 33 10
1442536341247366336514516475213 2 178 49
1447211127246762517431623746724 2 177 44
21534522566211465727124114446673756757 0 4 1
5632315477215443353314661645411 5 6 2
74664616452547232271726175675453511341323 0 2 0
6331611634742273353164715241474225672 -1 10 3
77666747162213253651715675422115 1 84 24
54212173226217333143117374655456772 0 30 8
47367117571174336562354246612527535 -2 13 3
11231327776666516713362172743542543244545 0 2 0
63255452343412414631452116137577 0 644 145
57345254442614322516126277477163165633713 0 2 0
67141265225526663556741531473174441773323 0 2 0
57226271172243761251744347166 -3 1728 392
165271233511537244127774372321 1 1121 285
566534627415342753162244615637277 3 370 94
4247233367671177714463213355225216541 0 11 4
4246176157162324656364417451125 -2 116 37
3153555612263315752674617716713 -2 151 38
2634634464243173223157432217115175665 0 25 7
231251177771374724134352622533154 -2 18 6
6751612364764535345763154736711123222 0 15 4
7114662226673322515214311453654567434 0 21 5
745125654311136743663356364254147 3 30 8
615765437654474147146722317312266533355 0 5 1
7767646623333216716523351477214452144 0 11 4
514521234416451672731244773132 4 49 14
72271763315614627743252652743535115 2 15 6
4571146442117455466272162221663 4 11 3
77277616712251116226166333353 6 44 11
331572577161151457672516526726233332 2 4 1
5123456751371336677141363224622241776 0 11 3
267636614111373514746743472647 1 311 75
76315777546566214173722211252541664434533 0 2 0
6731327632477557721623661621542315413 0 14 4
61272765766122523563561552711414 4 5 2
5351574123234725346225737241661537467166 0 3 1
5422762363661347556254673311527244457317 0 2 0
765774461275372466515722431566244 0 138 35
466434543746536133422236267752257771551 0 3 0
7527146313711162333427144255752 5 89 30
15312553532356723125741161326 -2 186 41
114174123745162241224524355363376 -3 30 8
1215446566477764452251772612462137335 0 18 5
424417677226524462435517775623 -1 2482 472
3734223265641354262367417366174152411 -1 9 2
25655571117634617237115757462 6 8 4
351167211251217357363563732722745665446 1 3 1
65621145465431211774545516476772633227 0 7 2
37565656422461374513135111633462445722 0 6 2
561241634164772443241317153533772256 2 7 2
1756316115376314514557364442763737 2 93 23
4344461316351435511346153777772265276256 0 2 1
73574426254444513315117313722165366652 0 8 3
5551612722117445255461776647242766 -3 18 4
264476457622231265764732533575357614 0 9 3
5641443736717375661211445735617355 3 6 2
456431251161346546337413661755475722 0 24 5
133323155255456712547337666124714744667 0 5 1
4654424754216675341363625627233157 0 96 24
25556662662414754716552117243177721443333 0 2 0
372537746245757353222734156566134124646 0 3 1
7667637124532377667252156125151251 2 7 1
272741134213755153756457523432234 -2 49 12
4664311232665133552346265225317 -3 43 9
16554776635657754263633524737 -1 562 139
1141422265152155127333457534332467 -3 9 3
572171752473122712746544432334556 0 38 12
257377541277237366555261356241661124341 0 5 1
431713416222114524617524366353662 -1 75 19
225613572645725446426523357443661731311 0 4 1
21133324627173176133242271457 3 161 39
66566326634754527222334534472774371515 0 4 0
647611167755746164225345162524317 3 65 16
6774661116445335565411614333477327722255 0 2 1
4273677522745754742251255316463331 -1 166 33
17715573426114611755552642663 1 2062 435
3255221471436712442712657475116674 -3 8 3
2565631153467266157223554732634734214417 0 3 1
37653677671174756453353654461 2 9726 1562
227526377612753564555641667427 -2 428 100
21567345333263675556376754117 6 119 30
45465621445663536547611425772312313231 1 3 1
22312555341347244221635533745711174 0 19 4
44575513446562755321334667417 2 1729 409
14467733764556622557111337563 -5 1348 285
27265464641744712641633225775162135755 0 6 2
4162161744627147461455175556677 -1 38 10
416774441313347467212255312251555726 1 10 2
5573542542667132644257562771762611443 -1 5 2
1375662534373243566561524774234451262 -1 6 1
173157177711545414367533466522 -1 7572 1586
1577735644444425172211275661726651562333 0 2 0
5771212671426557544673657415412332432 0 12 4
35732522317571333757574645161 2 257 58
44566312237511533655233212621516 4 5 2
165117122214626147762767373523543454 0 29 9
252312417631117461423427724333466675 -2 10 3
716576327725674166643275113313 -5 225 54
677317125341756654225516126156 -1 216 52
16322154225163161531266264734455753443777 0 2 1
62261332311367654223316776175477 4 30 8
751667775362311135211365565673 4 14 5
517144566546152745415163633461332 -1 50 12
743274346515421633351177641473615725 -1 14 4
75544116354166444216122752733513366 0 96 21
77236466277664574227544426235 6 7 2
41117416334762353624334465716 -2 425 98
311725641613534242754551536426723717626 0 5 2
355536255113117656662476113222777447234 0 4 1
15765265455431461157336772722276 0 585 128
64573477424531552223515712277633636461461 0 2 1
1253256674534747614322345243365165767127 0 2 1
43372332345372565522264714765175474166 0 8 2
666564651117777726425324547334213115432 0 5 1
24431131311734677465671273355 0 99 23
32341766636732426124344376221774157 -2 5 2
66117352111164376542743477643753265222 0 7 2
25143563416561727276265525671172443 3 8 2
57257376776735643232134132244416512466 -1 5 1
452671727324573577243353565663441466112 1 4 1
4324257672451321612276661161553437354573 0 2 0
51464447236564127622711777642215635 3 11 3
66466231267562141722771752547 1 582 117
125414266141774422721724577335515653 2 5 2
1355666444564577347215516642217132172 0 15 3
7414724452357121375347271213343 4 28 8
4564624614113133173132276627326577572454 0 2 1
227461255644515547735242611241371733 0 31 7
71116361357751365265135643675 -3 270 64
7724517331361752466156142565422723671 0 12 4
566434335752131213744671753115622 0 341 80
154475275752232456346145731134176176636 1 4 1
5464623152573615427522315263766411174 0 24 6
644337353421437231641121742175672276 0 15 4
77452163461375332415144631663462 0 164 35
112474117116363777624426435645673322325 0 3 0
67577456664115144612343263255 1 2447 493
52312245332213751723113776576 0 208 51
2162366477132246524115112576364557547473 0 2 0
52412453557712754314233227433 -4 54 14
5662362246131516744425675174211452577 0 6 1
1341126544655447435326375763667211271 0 17 5
211221747742137355511257752335 2 42 10
66144471237237132532267124134713475666 0 4 1
13323367776541151176645615372 0 931 175
51211452226142632374651547371434557 2 11 3
45574464232656611247131134557617225772 0 8 2
756714253265576644152426114147 -4 306 60
227663351637533537556526212277 5 7 2
3146233333746272154216264717217174 -1 20 6
71274112772156565512733133445353662267 1 4 2
432561441554446661777235572167 5 10 3
14266355125454274177547737461235333121266 0 2 0
34371421232441511266632441335662675775775 0 2 1
7426636737262366414372747154341212311 2 3 0
4564544721733465227237135571572 4 356 92
644534724512136443352377615226551762677 0 5 1
16345751243276211512716327647572 0 306 68
16574443373124423222624311117537 4 5 1
2227611433563132523765261455157413466774 0 2 1
375377111222237236716147314565324454545 0 3 0
36567362271455275762755373223 2 6085 1050
44357277524277345615554676632416123363211 0 2 0
1421135632134425715633123444226 -1 29 6
735351767261163335115563615627442472442 0 7 2
12771277166173121763445444645626253253355 0 2 0
571214213234275342433525736671 1 1220 242
2365475341225412352557772771431 1 192 40
22337571522744461216743644233157516367651 0 2 0
71346511272336731362575255537226 2 85 18
67516321227736642456517311732367354545442 0 2 0
23631614653245753741741237415622156523674 0 2 0
66676253776147255524542256324374341 1 44 9
64367224743145634451277323556277356 1 17 5
116465766145465461441325333152253272 -2 8 2
655423234456363132266355745611 0 274 50
11121173235617667535623376223754645 2 16 4
54477517622223774172333464314215631661655 0 2 0
627421665257773415446143632311 1 1849 360
222576154742664675711474532423516713 0 22 5
17266472313616544276542174246 2 99 23
27761437552661725544741733266152263 0 21 6
6453543255116723147112424512365323677 1 19 5
11254314235672635627342314754275 -2 711 142
6275437715675135211432761564336 1 1772 366
4116251267273351543447553415422671266 0 13 3
56621346673366215474334122311755 0 1123 209
515365445455376436227243337422112766 -1 13 3
11163264443263465121656772371457235742735 0 2 0
7644711251612675265566222155133 -4 8 2
7545455641276377651446514723361673332 0 9 2
11675147455377175615715334426442366 0 20 5
127133176546663147642771335753645225 -1 32 9
1571655236333742224447321166424 0 2583 472
5527636621627555562162774271741 4 361 74
43114276766366642133227317177 5 77 22
262421473611535377673576166233117 4 28 7
57777664265264237322654617123 -4 1885 384
5664765467723645553152321471472473 0 308 64
2771524354547766732512535146342 5 99 24
463665766351152462275172454433225 0 79 18
2343776565371454732314774341566616221522 0 2 1
66577462673631577552474343122465321124 0 8 2
6267266244264377226115755171531 -1 814 169
5375571231331316661777516622273522546 0 5 1
24367673357261556726536432455772 1 54 13
516522562737135266762557712463 1 132 27
52311342345125567755117333122274776644466 0 2 0
15365574116435554413162241336632 0 33 7
514725241775125111576567272344434 2 18 4
72514746442441616776223673127333631125555 0 2 1
61147417117232152634475574547 6 658 125
24621253453755735531116316364667 0 165 34
115427236135732357771612274465125533444 0 3 1
6666662555327324373275312723554714471441 0 2 1
7755557324165652331127176131733246246644 0 3 1
663552736765566111277442443542174 0 63 15
2452562167241352342736457373417 -1 719 135
72336615765757472313311462764553652221144 0 2 1
65423633444537545136425536716722 0 313 56
231144723636147551554543715437622637 0 36 8
31226623121522653373637556477111 4 6 1
1765621222422733663663531541773117557 2 4 1
63266334774536653463227472711 2 1373 253
34725656261575621447215667443112231 1 59 15
14115526564266132547245212665414 2 17 4
343754557312424214754731532271721536166 0 3 1
763345315745227324361466344751 2 2205 426
677417163264516546542576541211333277 0 97 23
7251453272373114752317422611543657 3 7 2
6356221225377467217213761356711 4 61 15
4773516533341616722227514517127325 -1 85 21
7361631666652517777527421121535532243344 0 2 1
4621445776735663556341176235213737145 0 9 3
575774725711621514245113443634526 0 170 35
2615652247424711737713244116276433 -2 20 6
4712736127177167225466343614331236 -3 15 4
121532772364536577475531317361561 -3 9 3
45333341653357622771542226247776615445 0 7 2
165222215774511625371251577343 3 30 7
6514471256355772752115173227314323 1 14 3
5477453752771551176221454613644616236 -1 5 1
5222262557167521134155673614661334 3 5 2
6334156131732276376377117444456241 3 26 7
144124631277736664533331617167 -4 307 56
765567441172441727423651342372 1 8198 1597
73117674411261551367723422253754255 0 16 4
7533264356567124121765512762113373762 -1 8 2
52642112321552144123517435373773644666657 0 2 0
727111253723462441637265143274173 1 193 38
2226113133512633655411763562627457 0 81 17
4111151164224222626477333646564553355 0 6 1
162117735166531733334561577755222 -2 15 4
12616137344222445373123726113 5 45 10
754475553121675142163245771713 3 34 9
5234366411554144162665134725717653 -3 8 2
563766547461264444363337772112735515215 1 3 1
62165625212252641146637555444711 2 48 10
75322756151646665376215777322523141 2 19 4
576243444672414373755116311657656522217 0 4 2
7443141522453147662554756357122333767162 0 2 1
765225574562236142565323441431336467117 0 5 1
2451367362275677627221173553431 1 921 156
5733246454411752263746236265134372561771 0 2 1
4226726624552536134711116447236 5 210 42
215437633767621671765726455351325 2 59 16
55231452162145245577211344433633126 0 26 5
513564224215534471475512263171 3 263 46
125765767223411771322554211554334733 0 11 2
3336246337375777175215566124551644611 0 14 4
15416122721163252177424636663477743 0 17 4
73633375775263571655445362671611 4 39 9
16112454165343233156126635375526722444 -1 4 1
15714263361165775675514753721 4 398 82
412264327535742456223346657745776615 1 17 4
74465437265237731341656425627137123 1 62 13
41712514716463745327537221413224 4 61 14
45214554276132747117313146435527335726266 0 2 0
6526543752432441747152456617212676 1 72 14
56125261164477715376672514143622435472333 0 2 0
674311256314337513473754766546175561 0 11 3
362616123257512363561275632777545731144 0 3 0
1453221156256314532252673766576133777 -1 5 1
122634562353513732757763161625 2 102 19
17137731537213173436652657221 -2 138 32
43476232141727322573461143247167361 -1 12 3
7516726623446132357657252753674 -4 15 4
62273554466333414434752236672 -1 378 66
4612612245725412241713437531573456757366 0 2 1
631671773177147346636655225511 -2 429 92
266416546517514577127765252711223633 2 5 1
15533177336334162251777175515424664222 1 4 1
6213133221526426714337747341162647756 0 8 2
4426614121175655665317744473723 0 1697 298
2537255152164465533776227621614377131 0 19 4
267663514352411661752172175442356 0 135 27
6274366516134743353656215744551173417 0 6 1
32552217466332765254335523111671176767 -1 4 1
7553417746463176176733326262112 -3 48 13
1431737773264226471222645631371634614 0 5 1
6221174212752744662516315466571 -1 344 73
626625331713352361622562111377 -5 8 2
52751475256122436752336456773 -1 6649 1200
11366434124121427464222563373136677 -2 6 1
61515667756513177466517125732 2 273 54
7447442155717775141413532232365561263 -1 6 2
1475472136311374334437114576726625555222 0 2 1
51355551547472226362322647743643 -2 88 17
2467436357145551777741141142255233366623 0 2 0
27321655356115733463527613277 6 460 82
376671226336753466444441731122551773552 0 7 2
352743712371621631455225771166657234 1 49 10
53156531147174425252177622477 4 152 36
527621372271327433776355153425165 4 6 2
32155225764244174477225331763755334 0 17 4
151267135543516667273176716253 -1 801 145
33573465311454632157234445127512 0 92 19
27276777463565452156715224532644631413311 0 2 0
3551535772673266724524625713334 0 967 188
644243547211337627666761733212714342 -2 7 1
7265642744155757653661717564242213412331 0 2 0
4612525337557374245363772271125631 -1 49 9
53255147326115123566117763367757 2 34 9
2647162263671357624677153431225 -1 825 164
7513443466532456412453156751331 4 18 5
2657322664451417624366327424353175115 0 12 2
26156553613675367722551167317331 2 26 6
7322631721346763537316444462451516225 0 11 3
4142351123126172343572356773712754644656 0 2 1
5726711712611416576447554373226463 3 7 2
313543374327143552251146556761241622766 1 3 1
161732247327445365275272556154743633 -1 10 2
34173154217214555631426641455223627733766 0 2 0
737566121544715632664464321351271 4 120 27
16437771717517132153246642225633356 0 23 6
1661733353573272151352545661277 -1 139 28
32221331527655536512274433151 1 81 16
1676333572665514576247613114271233755 -1 5 1
37315375372564133275767252561422611146446 0 2 0
16321341235133171535275556224266 -2 45 8
15157626617673315757161745356222333 -2 5 1
524714722166172175724366543711244 0 35 8
625242277376452255371413164437616471353 0 7 1
65173135547517734237724153634564461622 0 9 3
653262371357331126235771176215 5 26 5
52577314311462551765637667562371312 3 5 2
6171331275655636334422443721644156 0 33 7
666466644412413133512377275547771522 0 39 9
242222463375671361214657744667117 2 106 22
17735557635562757333143746111126266 -1 15 3
711252713534341443575337222557617 0 24 6
7322544516315432326467432142531516716677 0 2 0
66565466552354164272275411334227137 0 109 21
2513362332432664134172742516474171 0 40 9
24423524357365425774173337272456611615 -1 5 1
34426643624655251556744365131221217777 0 10 2
77243113344113246614177553473227565 3 6 1
3173112776163215443154525425574632276 0 14 3
14736425325213147755214355462364 0 554 97
213555146174522654331727615143 4 105 22
75621755215645652166771736427324123 -1 15 4
73372461511555274674634657675432416222 0 8 2
55524633117766133171136764737625 -4 9 3
53246236376436733614122246575141741 1 26 6
113535574343153466477466316552767 0 46 10
653652263152124474354523167742336611451 0 3 0
162723724512664325154166235733653574477 0 4 1
16771441165317414364746773366335522 2 8 1
711571425732511526222657654734433331766 0 4 1
566711636511172531457377563633424 -1 75 16
23126776414771445617756322141243333266555 0 2 0
6721171716637335322153122673566254455 -1 6 1
214375677161451571236376562751363532 2 11 2
4656755264724714653674475561317 0 97 19
242211274263266664471174741755 -5 13 3
5613266222335367526115153711532674 2 8 1
5721754336567631233312667117165 -2 63 13
61364771753457722673631222566341421545543 0 2 1
634417612636113757253374135471 -1 2068 375
725172145435745137634624647321363226765 1 5 1
6616374132146574335135135675524147 2 40 8
233222777712561365313351661214757 -3 12 3
77222453741346371355215344165614 -1 595 113
223447531317542562715145654273332114 -1 10 2
76523275116725665566222541177 2 172 34
1271274736736456422577256231645335 1 145 29
22363276226331154516723176671731 2 46 10
2256713655146326621346543245217431 0 171 32
63144635155445352244521321211263766773776 0 2 0
26166172245661464744754227112773153 0 10 2
7272365267773331745126165336651 -4 19 5
14773121116164375356577627633 5 27 6
34117656256627455341235734764572623 0 63 13
5255645661262233142737343311721166 3 5 2
43341525551461114662413532436 3 91 22
167221551477454364351673666121 -3 365 74
231157251511632631637766375243 5 8 2
2376167454515726653225733272176 3 1705 310
455165552465422666271133641133714243237 0 3 0
52332423626162742557413334565767647741151 0 2 1
7613272341341144175273457741666366 1 31 9
51631731361373575734776525115 -5 42 11
366263531416633535477552227677712245 0 12 2
14512475713727644417517661365 6 8 2
75334656563423645523244164617532721772 -1 7 1
6614525442353371214512732676175264 -3 64 13
24427621531444122437776361216517753635 0 10 2
562211433411275452333644636165162 0 36 8
1155112222474364733743566614614525 0 147 29
211345241752711326713473225737 5 14 4
111654471715757353754254244722216 1 26 6
452413713651343173344416722771557622 0 19 4
434654212743744112732125672155335 0 124 25
64562764424426214671122775317571 4 7 2
145623552343366154224554411216 0 311 48
721352645514511547146661244656 -4 38 10
7311547577764123455346156536263467 0 131 25
52665523751274534257761726476 4 547 95
44313343314577225517714261741766226536625 0 2 1
241332727166326137112155467443523 1 260 52
41214413142325617731333652475772 4 79 17
765311172237471372553716215625356626 2 3 1
274772611552657447213657616461254423153 0 3 1
71614617447377457164451521335526222333 0 10 2
57532667177217561331723643324465 -3 843 149
3752577155121135641475122442266347346376 0 2 1
62212225754527474756745611543647611 2 12 3
76367766125267677431552322445 1 2128 368
321127375467255342514472213537 2 1347 233
1741521515562262313671246675335336774 2 6 1
67355351533547765767714613144461621432222 0 2 0
247742345313345625736351661652675224411 0 4 1
175472612416263256225775647135561713334 1 5 1
575764214665315226617472252363114331773 0 4 1
32265373241237643744635551667 1 7721 1330
7563112242553436462364367567524472117 1 28 7
77432362773367472436355226451464511652 0 5 1
21431167543125267676544264221714765373 -1 5 2
6313365453512423366644467245557721221 0 14 3
117462553552311763376655177223234721466 0 3 0
65554626131471612777355167763332 -2 53 11
1374311341246147153576246634325667727 0 10 2
76642741435573447574271232313253652656111 0 2 0
13332314567514313146514462647527565776 0 6 1
473547555275143137115112474376432663262 0 4 1
2761343434574273245566177114317156 0 75 15
537466127771112547217214362654256 3 145 31
2171137266253775276112542471644 2 312 62
111656645644476164553557411322232 -2 23 6
6355372361765273735775153216211446612 2 5 1
34727517345671124751756416632353362144562 0 2 0
2627765445737732247142554352563163113 0 11 2
6614446144213373343572173625621522575561 0 2 0
2663413153462235511717616263752277 -3 11 3
7633617311563542773122531152464 -3 350 68
631533737655753352677572411146261226 -2 8 2
32371421135547764264312544112527533767 0 6 1
66456114746571524517613751365 -2 210 35
1671554444576476663712532771533632242 0 11 3
676555422457354215217677667634311321 -1 52 11
71421147327765771623626634423 -5 325 72
7352142137463635666263553474147752172115 0 3 0
62352773434722421463343125746116 -4 100 17
436632267114621466377115174354242235 0 14 3
213477662241143347122733666164327 0 45 9
7217423322714431671633664542531627 -2 31 7
4233353731262144611266266515531244455 0 5 1
3652114274643741677521751333761445 0 129 27
6266673573315246632711227535255431471174 0 2 0
517724361112312753261275536236746364 -1 28 6
11763273634721365317516762642155755223444 0 2 0
61615215475155571374373176274223236 0 35 9
466754211241714177565574152374226625 2 9 2
455155137133342477531351477744 5 4 1
61275213577673143454155163754424271 3 22 5
5366327417457226527655521327331167631 2 5 1
5223724647467415333143162462772763611155 0 2 0
1322154452517765343277266216437 1 6055 1137
42454611251266217126153276635 -3 136 26
511431433727541141264237433672276 -3 38 7
76712456373325556634225676417473241 0 101 17
2451613162427714737172362337454425 3 58 12
6313313614476614237262611435472245557 -1 7 1
1122555442572426246366675316751 0 137 27
6646272374524714724461176621713235513553 0 2 0
1211215114267722765534572344645774 0 38 8
63552637346532147335671655727126722 2 9 2
61134124344226244271352657663 5 150 23
2175714734552411451567733441222666537332 0 2 0
745736345733254227753522315624117144 -2 5 1
33242274555663277276716165473315321 3 7 2
64512251217762472462766545773446155333 0 8 2
767712573125335144776532534464 0 1793 293
155164257647643324463416617117572 4 6 2
3754244321165322745214677475753662353 1 9 2
117662364364411455352626544273553 0 171 32
5657617421771753341275541125426424 2 39 8
741114355544541236257762115664266332 0 23 4
44437536212265216654455214616 -2 118 25
6473361671225313676161212575722553 -3 9 2
32364511663516535572337576216 -2 118 24
14711164625315265231526226375765447437733 0 2 1
2275634273633217117526375347415 -4 15 4
